2000,7,265,105,N
2004,3,896,104,N
2004,3,896,107,N
2000,7,265,105,R
2004,7,265,105,R
2009,7,265,105,R
2014,7,265,105,N
2004,7,265,105,R
2001,7,265,105,R
2004,7,265,105,R
2002,7,265,108,R
2016,7,265,102,N
2002,7,265,109,N
2000,7,265,122,N
2001,7,265,111,N
2002,7,265,111,R
2004,7,265,110,R
2003,7,265,117,N
2003,7,265,103,N
2003,7,265,103,N
2003,7,265,103,N
2003,7,265,103,N
2004,7,265,106,N
2001,7,265,106,N
2004,7,265,104,N
2004,7,265,104,N
2001,7,265,104,N
2002,7,265,112,N
2004,7,265,112,R
2013,6,270,105,R
2003,6,270,114,N
2013,6,270,114,N
2013,6,270,114,N
2009,6,270,114,N
2009,6,270,120,N
2003,6,270,120,N
2002,6,270,108,R
2002,6,270,108,N
2002,6,270,102,N
2013,6,270,111,N
2013,6,270,111,R
2002,6,270,103,N
2009,6,270,115,N
2005,6,270,106,N
2013,6,270,104,N
2009,6,2226,118,N
2004,6,319,103,N
2004,3,308,105,R
2008,3,308,119,R
2000,3,308,108,N
2002,3,308,111,R
2004,3,308,103,R
2004,3,308,106,N
2002,3,308,106,N
2003,3,308,112,R
2011,3,308,107,N
2000,3,308,101,N
2007,3,1743,103,N
2002,3,294,105,R
2000,3,294,111,R
2001,7,263,105,N
2003,7,263,114,N
2003,7,263,114,N
2004,7,263,108,N
2001,7,263,111,N
2004,7,263,111,N
2003,7,263,103,R
2004,7,263,115,N
2004,7,263,104,N
2010,7,263,118,R
2010,7,263,118,N
2006,3,236,105,N
2005,3,236,105,N
2007,3,236,105,N
2005,3,236,105,N
2005,3,236,105,R
2010,3,236,114,N
2004,3,236,108,R
2003,3,236,111,R
2003,3,236,103,R
2003,3,236,103,R
2000,3,236,115,N
2014,3,236,118,R
2003,3,236,112,R
2005,3,236,114,R
2002,7,277,105,R
2004,7,277,108,N
2003,7,277,108,R
2004,7,277,108,R
2007,7,277,122,N
2004,7,277,117,R
2013,7,277,106,N
2003,7,277,113,N
2007,7,277,112,R
2001,27,381,108,N
2007,27,232,103,N
2008,27,232,103,R
2000,27,232,106,N
2000,27,232,113,N
2001,27,232,101,N
2001,27,232,101,N
2000,27,232,101,N
2001,27,232,101,N
2009,27,448,103,N
2009,27,448,103,N
2003,7,201,107,N
2003,7,201,107,N
2003,7,201,107,N
2015,20,529,114,N
2003,6,322,108,N
2006,6,322,108,N
2002,6,322,102,N
2006,6,322,111,N
2005,6,322,111,N
2007,6,322,111,N
2004,6,322,104,N
2004,27,316,108,N
2002,27,316,103,N
2004,3,249,105,R
2002,3,249,108,N
2001,3,249,108,N
2004,3,249,111,N
2014,3,249,103,N
2003,3,249,112,R
2003,20,253,102,N
2004,20,253,111,R
2002,20,253,111,R
2004,20,253,107,N
2003,27,202,105,R
2002,27,202,105,R
2002,27,202,115,N
2015,6,3119,107,N
2006,3,478,105,N
2000,6,221,114,N
2000,6,221,114,N
2011,6,221,114,N
2000,6,221,121,N
2003,6,221,102,N
2001,6,221,109,N
2003,6,221,122,N
2004,6,221,113,R
2004,6,221,107,N
2004,6,221,107,N
2015,27,608,103,N
2001,27,211,108,N
2001,27,211,103,N
2000,27,295,111,R
2003,27,295,103,N
2003,6,307,114,N
2005,7,247,105,N
2004,7,247,108,R
2002,7,247,108,N
2004,7,247,111,N
2003,7,247,111,N
2003,7,247,111,R
2002,7,247,111,N
2002,7,247,111,N
2003,7,247,111,N
2004,7,247,117,R
2001,7,247,103,N
2012,7,247,115,N
2003,7,247,106,N
2004,7,247,118,R
2002,7,247,112,N
2004,7,247,107,R
2004,20,378,108,N
2000,20,378,111,N
2015,27,3305,111,N
2005,6,210,120,N
2000,6,210,111,N
2006,6,210,111,N
2004,6,210,103,N
2000,6,210,106,N
2000,6,210,101,N
2003,7,309,111,N
2005,7,309,111,N
2011,7,309,106,N
2008,3,449,105,R
2010,3,449,102,R
2009,3,449,102,N
2010,3,449,102,N
2007,3,449,109,N
2015,3,3474,111,R
2005,3,547,105,N
2011,3,547,107,N
2012,6,1736,114,N
2010,6,1736,111,N
2015,6,1736,118,N
2000,7,368,102,N
2000,7,368,106,N
2011,6,235,105,R
2001,6,235,108,R
2002,6,235,108,R
2001,6,235,113,N
2002,3,305,103,R
2006,3,305,106,R
2014,3,305,106,N
2014,3,305,118,N
2004,3,208,108,N
2001,3,208,108,N
2004,3,208,122,R
2004,3,208,111,N
2004,3,208,111,N
2000,3,208,103,N
2004,3,208,118,N
2004,3,208,112,N
2016,3,289,111,N
2001,3,289,111,N
2012,3,289,111,R
2016,3,289,103,N
2000,3,289,104,N
2016,3,289,118,R
2004,6,380,103,N
2003,3,393,112,R
2006,3,231,105,N
2006,3,231,120,N
2001,3,231,108,N
2004,3,231,111,R
2000,3,231,103,N
2000,3,231,103,N
2000,3,231,103,N
2000,3,231,104,N
2009,6,1669,104,N
2012,6,1669,104,N
2004,7,360,111,R
2000,6,408,108,N
2005,6,408,118,N
2010,3,1656,118,N
2004,4,624,113,N
2004,8,662,113,N
2006,2,300,105,N
2007,4,1434,105,N
2012,4,1434,105,R
2011,2,472,105,N
2005,1,339,105,R
2000,1,738,105,R
2002,4,288,105,N
2000,2,369,105,N
2005,5,260,105,R
2000,1,216,105,R
2003,1,621,105,R
2004,2,296,105,R
2006,2,296,105,R
2000,1,217,114,N
2006,2,1266,114,N
2009,4,715,114,N
2005,2,246,114,N
2013,2,3454,114,N
2002,2,291,108,N
2008,4,1295,108,N
2006,5,1400,108,N
2000,1,464,108,N
2004,1,311,108,N
2004,4,276,108,N
2000,4,327,108,N
2008,4,1795,108,N
2001,2,477,108,N
2003,1,347,108,N
2002,8,379,108,N
2002,1,621,108,N
2000,8,390,121,N
2002,2,241,121,N
2002,2,296,102,N
2010,8,3162,109,R
2000,2,528,109,R
2002,2,222,109,R
2003,2,278,109,R
2001,1,225,109,R
2005,2,286,122,N
2011,1,1813,122,N
2000,1,217,122,R
2005,2,779,122,N
2004,1,244,111,N
2004,1,224,111,R
2004,1,224,111,N
2003,4,251,111,R
2007,2,255,111,N
2013,5,504,111,N
2013,5,504,111,N
2004,2,300,110,R
2002,1,311,110,N
2000,5,504,110,N
2006,1,216,117,N
2001,2,375,103,N
2003,2,227,115,N
2001,2,303,115,N
2006,2,900,115,N
2000,2,250,115,R
2001,2,250,115,N
2005,2,480,115,N
2011,1,244,115,R
2005,1,312,115,N
2003,4,288,115,N
2001,2,369,115,R
2000,2,369,115,N
2004,2,222,115,R
2002,8,245,115,N
2000,4,203,115,N
2003,2,1323,115,N
2002,8,290,115,N
2003,8,290,115,N
2003,8,361,115,N
2004,8,233,106,N
2011,2,2941,106,N
2002,1,244,106,R
2000,8,299,106,N
2000,2,272,106,N
2003,1,220,106,N
2004,2,427,106,N
2001,4,230,104,R
2002,4,229,104,R
2006,2,1266,104,N
2005,4,711,104,N
2001,1,220,104,R
2005,8,513,113,N
2006,1,950,113,N
2000,2,542,113,N
2006,2,1346,113,N
2006,2,1034,113,N
2005,4,239,112,N
2013,1,320,112,N
2004,1,347,112,N
2004,8,367,112,N
2004,2,596,112,N
2011,2,2474,112,N
2007,5,1400,107,N
2007,5,1742,107,R
2004,1,244,107,R
2003,4,288,107,R
2003,5,218,107,N
2003,1,459,101,R
2002,26,259,105,N
2002,26,259,105,N
2002,26,259,105,N
2002,26,259,105,N
2003,26,259,105,N
2002,26,259,114,R
2003,26,259,114,R
2015,26,259,119,N
2003,26,259,108,N
2015,26,259,121,N
2003,26,259,109,R
2002,26,259,122,N
2002,26,259,111,N
2004,26,259,111,N
2015,26,259,111,R
2004,26,259,106,N
2015,26,259,111,R
2015,26,259,121,N
2005,26,259,112,N
2003,26,259,107,N
2002,26,259,107,N
2002,26,259,107,N
2003,26,259,107,N
2004,26,259,107,N
2004,26,259,107,N
